Id                     Memory                     Permission Size
1                     668                     20
2                     196                     6
3                     290                     9
4                     454                     13
5                     338                     10
6                     338                     10
7                     632                     21
8                     502                     16
9                     492                     17
10                     364                     11
11                     476                     16
12                     276                     9
13                     312                     11
14                     458                     14
15                     438                     16
16                     68                     2
17                     652                     22
18                     68                     2
19                     210                     6
20                     194                     7
21                     576                     17
22                     612                     22
23                     220                     7
24                     584                     20
25                     68                     2
26                     706                     21
27                     652                     24
28                     430                     11
29                     288                     10
30                     172                     5
31                     68                     2
32                     636                     18
33                     338                     10
34                     818                     25
35                     836                     29
36                     414                     13
37                     276                     9
38                     82                     3
39                     696                     23
40                     250                     8
41                     386                     12
42                     360                     11
43                     386                     12
44                     226                     7
45                     604                     19
46                     276                     8
47                     380                     13
48                     606                     22
49                     242                     8
50                     296                     8
51                     368                     11
52                     68                     2
53                     490                     15
54                     756                     25
55                     274                     8
56                     576                     18
57                     552                     16
58                     422                     16
59                     166                     5
60                     224                     6
61                     296                     9
62                     596                     21
63                     426                     13
64                     208                     7
65                     462                     14
66                     86                     3
67                     408                     13
68                     536                     17
69                     332                     9
70                     114                     3
71                     242                     8
72                     664                     23
73                     288                     9
74                     400                     11
75                     318                     10
76                     446                     14
77                     340                     11
78                     358                     10
79                     298                     9
80                     126                     4
81                     166                     5
82                     200                     7
83                     520                     16
84                     68                     2
85                     442                     16
86                     210                     6
87                     630                     20
88                     386                     11
89                     416                     13
90                     428                     12
91                     602                     20
92                     386                     12
93                     568                     17
94                     416                     12
95                     326                     11
96                     274                     8
97                     752                     23
98                     120                     4
99                     540                     20
100                     280                     9
101                     152                     4
102                     620                     20
103                     870                     29
104                     338                     10
105                     324                     11
106                     222                     7
107                     360                     11
108                     330                     10
109                     138                     5
110                     284                     8
111                     220                     8
112                     68                     2
113                     276                     9
114                     276                     9
115                     604                     22
116                     652                     19
117                     508                     17
118                     252                     7
119                     320                     9
120                     420                     12
121                     28                     1
122                     672                     23
123                     400                     12
124                     614                     18
125                     444                     15
126                     430                     14
127                     220                     8
128                     528                     17
129                     682                     22
130                     224                     6
131                     324                     9
132                     68                     2
133                     184                     6
134                     740                     23
135                     784                     26
137                     194                     6
138                     434                     12
139                     748                     27
140                     612                     23
141                     404                     12
142                     130                     4
143                     250                     8
144                     376                     14
145                     464                     16
146                     426                     13
147                     398                     12
148                     538                     19
149                     582                     20
150                     402                     13
151                     420                     14
152                     268                     8
153                     666                     21
154                     112                     3
155                     482                     14
156                     350                     11
157                     300                     10
158                     644                     20
159                     492                     15
160                     442                     13
161                     68                     2
162                     520                     19
163                     844                     25
164                     396                     12
165                     360                     11
166                     68                     2
167                     362                     13
168                     264                     8
169                     188                     6
170                     404                     13
