Id                     Memory                     Permission Size
1                     39760                    20
2                     36072                     6
3                     38072                     9
4                     38528                     13
5                     38072                     10
6                     38144                     10
7                     39112                     21
8                     38784                     16
9                     38776                     17
10                     38176                     11
11                     38648                     16
12                     38048                     9
13                     38200                     11
14                     38456                     14
15                     38576                     16
16                     43032                     2
17                     39272                     22
18                     37384                     2
19                     37792                     6
20                     37704                     7
21                     38752                     17
22                     39280                     22
23                     37768                     7
24                     -2056                     20
25                     37456                     2
26                     39200                     21
27                     39336                     24
28                     38240                     11
29                     38064                     10
30                     37536                     5
31                     37248                     2
32                     38856                     18
33                     40168                     10
34                     39592                     25
35                     39864                     29
36                     38336                     13
37                     37944                     9
38                     37400                     3
39                     39344                     23
40                     37880                     8
41                     38248                     12
42                     38200                     11
43                     38248                     12
44                     37744                     7
45                     38944                     19
46                     37912                     8
47                     38392                     13
48                     39176                     22
49                     38232                     8
50                     38024                     8
51                     38216                     11
52                     37296                     2
53                     38616                     15
54                     39520                     25
55                     37856                     8
56                     38960                     18
57                     38632                     16
58                     38720                     16
59                     37528                     5
60                     37680                     6
61                     38024                     9
62                     39144                     21
63                     38408                     13
64                     37768                     7
65                     38600                     14
66                     37312                     3
67                     38384                     13
68                     38840                     17
69                     38176                     9
70                     38240                     3
71                     37856                     8
72                     39328                     23
73                     38032                     9
74                     38384                     11
75                     38048                     10
76                     38504                     14
77                     38184                     11
78                     2296                     10
79                     37936                     9
80                     37552                     4
81                     37560                     5
82                     37816                     7
83                     38728                     16
84                     37288                     2
85                     38704                     16
86                     37824                     6
87                     39072                     20
88                     38160                     11
89                     38320                     13
90                     38288                     12
91                     39144                     20
92                     38256                     12
93                     38816                     17
94                     38312                     12
95                     38168                     11
96                     37976                     8
97                     39872                     23
98                     37600                     4
99                     38992                     20
100                     38112                     9
101                     37592                     4
102                     39160                     20
103                     39904                     29
104                     38184                     10
105                     38280                     11
106                     37816                     7
107                     38272                     11
108                     38104                     10
109                     37576                     5
110                     38048                     8
111                     37816                     8
112                     37248                     2
113                     37928                     9
114                     37944                     9
115                     39224                     22
116                     39120                     19
117                     38696                     17
118                     37760                     7
119                     37968                     9
120                     38408                     12
121                     37904                     1
122                     39312                     23
123                     38304                     12
124                     38872                     18
125                     38520                     15
126                     38592                     14
127                     37872                     8
128                     38776                     17
129                     39232                     22
130                     37648                     6
131                     38040                     9
132                     37424                     2
133                     37800                     6
134                     39456                     23
135                     39608                     26
137                     37680                     6
138                     38400                     12
139                     39712                     27
140                     39304                     23
141                     38312                     12
142                     37456                     4
143                     37904                     8
144                     39808                     14
145                     38624                     16
146                     38496                     13
147                     38232                     12
148                     38960                     19
149                     39064                     20
150                     38392                     13
151                     38464                     14
152                     37944                     8
153                     39272                     21
154                     37424                     3
155                     38464                     14
156                     38248                     11
157                     38072                     10
158                     39160                     20
159                     38552                     15
160                     38464                     13
161                     37408                     2
162                     38968                     19
163                     39560                     25
164                     38224                     12
165                     38496                     11
166                     37272                     2
167                     38432                     13
168                     38000                     8
169                     37624                     6
170                     38408                     13
Total time taken: 9152
